************Clustered classes :
Point                             Clustered Class
-0.901  1.019 -1.340 -1.315                0.0
-1.143 -0.132 -1.340 -1.315                0.0
-1.385  0.328 -1.397 -1.315                0.0
-1.507  0.098 -1.283 -1.315                0.0
-1.022  1.249 -1.340 -1.315                0.0
-0.537  1.940 -1.170 -1.052                0.0
-1.507  0.789 -1.340 -1.184                0.0
-1.022  0.789 -1.283 -1.315                0.0
-1.749 -0.362 -1.340 -1.315                0.0
-1.143  0.098 -1.283 -1.447                0.0
-0.537  1.479 -1.283 -1.315                0.0
-1.264  0.789 -1.227 -1.315                0.0
-1.264 -0.132 -1.340 -1.447                0.0
-1.870 -0.132 -1.511 -1.447                0.0
-0.053  2.170 -1.454 -1.315                0.0
-0.174  3.091 -1.283 -1.052                0.0
-0.537  1.940 -1.397 -1.052                0.0
-0.901  1.019 -1.340 -1.184                0.0
-0.174  1.710 -1.170 -1.184                0.0
-0.901  1.710 -1.283 -1.184                0.0
-0.537  0.789 -1.170 -1.315                0.0
-0.901  1.479 -1.283 -1.052                0.0
-1.507  1.249 -1.568 -1.315                0.0
-0.901  0.559 -1.170 -0.921                0.0
-1.264  0.789 -1.056 -1.315                0.0
-1.022 -0.132 -1.227 -1.315                0.0
-1.022  0.789 -1.227 -1.052                0.0
-0.780  1.019 -1.283 -1.315                0.0
-0.780  0.789 -1.340 -1.315                0.0
-1.385  0.328 -1.227 -1.315                0.0
-1.264  0.098 -1.227 -1.315                0.0
-0.537  0.789 -1.283 -1.052                0.0
-0.780  2.400 -1.283 -1.447                0.0
-0.416  2.630 -1.340 -1.315                0.0
-1.143  0.098 -1.283 -1.315                0.0
-1.022  0.328 -1.454 -1.315                0.0
-0.416  1.019 -1.397 -1.315                0.0
-1.143  1.249 -1.340 -1.447                0.0
-1.749 -0.132 -1.397 -1.315                0.0
-0.901  0.789 -1.283 -1.315                0.0
-1.022  1.019 -1.397 -1.184                0.0
-1.628 -1.743 -1.397 -1.184                0.0
-1.749  0.328 -1.397 -1.315                0.0
-1.022  1.019 -1.227 -0.789                0.0
-0.901  1.710 -1.056 -1.052                0.0
-1.264 -0.132 -1.340 -1.184                0.0
-0.901  1.710 -1.227 -1.315                0.0
-1.507  0.328 -1.340 -1.315                0.0
-0.658  1.479 -1.283 -1.315                0.0
-1.022  0.559 -1.340 -1.315                0.0
 1.402  0.328  0.535  0.264                2.0
 0.675  0.328  0.422  0.396                2.0
 1.280  0.098  0.649  0.396                2.0
-0.416 -1.743  0.138  0.133                1.0
 0.796 -0.592  0.479  0.396                1.0
-0.174 -0.592  0.422  0.133                1.0
 0.553  0.559  0.535  0.527                2.0
-1.143 -1.513 -0.260 -0.262                1.0
 0.917 -0.362  0.479  0.133                2.0
-0.780 -0.823  0.081  0.264                1.0
-1.022 -2.434 -0.147 -0.262                1.0
 0.069 -0.132  0.251  0.396                1.0
 0.190 -1.974  0.138 -0.262                1.0
 0.311 -0.362  0.535  0.264                1.0
-0.295 -0.362 -0.090  0.133                1.0
 1.038  0.098  0.365  0.264                2.0
-0.295 -0.132  0.422  0.396                1.0
-0.053 -0.823  0.194 -0.262                1.0
 0.432 -1.974  0.422  0.396                1.0
-0.295 -1.283  0.081 -0.131                1.0
 0.069  0.328  0.592  0.791                2.0
 0.311 -0.592  0.138  0.133                1.0
 0.553 -1.283  0.649  0.396                1.0
 0.311 -0.592  0.535  0.001                1.0
 0.675 -0.362  0.308  0.133                1.0
 0.917 -0.132  0.365  0.264                2.0
 1.159 -0.592  0.592  0.264                2.0
 1.038 -0.132  0.706  0.659                2.0
 0.190 -0.362  0.422  0.396                1.0
-0.174 -1.053 -0.147 -0.262                1.0
-0.416 -1.513  0.024 -0.131                1.0
-0.416 -1.513 -0.033 -0.262                1.0
-0.053 -0.823  0.081  0.001                1.0
 0.190 -0.823  0.763  0.527                1.0
-0.537 -0.132  0.422  0.396                1.0
 0.190  0.789  0.422  0.527                2.0
 1.038  0.098  0.535  0.396                2.0
 0.553 -1.743  0.365  0.133                1.0
-0.295 -0.132  0.194  0.133                1.0
-0.416 -1.283  0.138  0.133                1.0
-0.416 -1.053  0.365  0.001                1.0
 0.311 -0.132  0.479  0.264                1.0
-0.053 -1.053  0.138  0.001                1.0
-1.022 -1.743 -0.260 -0.262                1.0
-0.295 -0.823  0.251  0.133                1.0
-0.174 -0.132  0.251  0.001                1.0
-0.174 -0.362  0.251  0.133                1.0
 0.432 -0.362  0.308  0.133                1.0
-0.901 -1.283 -0.431 -0.131                1.0
-0.174 -0.592  0.194  0.133                1.0
 0.553  0.559  1.274  1.712                2.0
-0.053 -0.823  0.763  0.922                1.0
 1.523 -0.132  1.217  1.186                2.0
 0.553 -0.362  1.047  0.791                2.0
 0.796 -0.132  1.161  1.317                2.0
 2.129 -0.132  1.615  1.186                2.0
-1.143 -1.283  0.422  0.659                1.0
 1.765 -0.362  1.445  0.791                2.0
 1.038 -1.283  1.161  0.791                2.0
 1.644  1.249  1.331  1.712                2.0
 0.796  0.328  0.763  1.054                2.0
 0.675 -0.823  0.876  0.922                2.0
 1.159 -0.132  0.990  1.186                2.0
-0.174 -1.283  0.706  1.054                1.0
-0.053 -0.592  0.763  1.580                1.0
 0.675  0.328  0.876  1.449                2.0
 0.796 -0.132  0.990  0.791                2.0
 2.250  1.710  1.672  1.317                2.0
 2.250 -1.053  1.786  1.449                2.0
 0.190 -1.974  0.706  0.396                1.0
 1.280  0.328  1.104  1.449                2.0
-0.295 -0.592  0.649  1.054                1.0
 2.250 -0.592  1.672  1.054                2.0
 0.553 -0.823  0.649  0.791                1.0
 1.038  0.559  1.104  1.186                2.0
 1.644  0.328  1.274  0.791                2.0
 0.432 -0.592  0.592  0.791                1.0
 0.311 -0.132  0.649  0.791                2.0
 0.675 -0.592  1.047  1.186                2.0
 1.644 -0.132  1.161  0.527                2.0
 1.886 -0.592  1.331  0.922                2.0
 2.492  1.710  1.502  1.054                2.0
 0.675 -0.592  1.047  1.317                2.0
 0.553 -0.592  0.763  0.396                1.0
 0.311 -1.053  1.047  0.264                1.0
 2.250 -0.132  1.331  1.449                2.0
 0.553  0.789  1.047  1.580                2.0
 0.675  0.098  0.990  0.791                2.0
 0.190 -0.132  0.592  0.791                1.0
 1.280  0.098  0.933  1.186                2.0
 1.038  0.098  1.047  1.580                2.0
 1.280  0.098  0.763  1.449                2.0
-0.053 -0.823  0.763  0.922                1.0
 1.159  0.328  1.217  1.449                2.0
 1.038  0.559  1.104  1.712                2.0
 1.038 -0.132  0.820  1.449                2.0
 0.553 -1.283  0.706  0.922                1.0
 0.796 -0.132  0.820  1.054                2.0
 0.432  0.789  0.933  1.449                2.0
 0.069 -0.132  0.763  0.791                1.0
